00010000000000010000110110110111
00110000000011011000110110010011
00010000000000010000000100110111
00010000000000010000000100010011
00000000110011011010010000000011
11111110000001000000111011100011
00000000010011011010011000000011
00000000110101100010101100010011
11111110000010110000100011100011
00000000100000000000000011101111
00000011110000000000000011101111
00000000000101100010001010010011
00000000000000101000011001100011
00000000000100000000010100010011
00000000000000001000000011100111
11111111100000010000000100010011
00000000000100010010001000100011
00000000110000010010000000100011
11111111111101100000011000010011
11111110000111111111000011101111
00000000000000010010011000000011
00000000010000010010000010000011
00000000100000010000000100010011
00000010101001100000010100110011
00000000000000001000000011100111
00000000000000000111110100010011
00000000001111010000110100010011
00000000100000000000110000010011
00000011101011000000110010110011
00000001100101010101101110110011
00000001011111011010000000100011
00000001010000000000000001101111
11111111111111010000110100010011
00000000000011010010010000110011
11111110000001000000010011100011
00000001000000000000000001101111
00000000100011011010010000000011
11111110000001000001111011100011
11111110100111111111000001101111
11110110000000000000101011100011
