00000000000011011111110110010011
00000000000000000111011000010011
00000000000011011000011000010011
00000001000001100010101100010011
00000000000111011000110110010011
00000100000010110000011001100011
00000000100000000000000011101111
00000011110000000000000011101111
00000000000101100010001010010011
00000000000000101000011001100011
00000000000100000000010100010011
00000000000000001000000011100111
11111111100000010000000100010011
00000000000100010010001000100011
00000000110000010010000000100011
11111111111101100000011000010011
11111110000111111111000011101111
00000000000000010010011000000011
00000000010000010010000010000011
00000000100000010000000100010011
00000010101001100000010100110011
00000000000000001000000011100111
00000000000011010111110100010011
11111010000000000000010011100011